# GENERAL CONFIGURATION SETUP
# DIGITAL INPUT (UNI x)
#  0: +COLOUR|BACK
#  1: -DISABLED
#  2: -DISABLED
#  3: +COLOUR|FRONT, DOWN
#  4: -DISABLED
#  5: +DISTANCE|AHEAD
#  6: +BUTTON|PUSH BUTTON, RIGHT
#  7: +ANALOG|POWER SUPPLY, ACCU LEVEL
# COUNTER (CNT x)
#  0: +MOTOR COUNTER|RIGHT
#  1: +MOTOR COUNTER|LEFT
#  2: -DISABLED
#  3: -DISABLED
#CLCK|   TIME|UNI 0|UNI 3|UNI 5|UNI 6|UNI 7|CNT 0|CNT 1|DST 0|DST 1|ANNOTATION
18: 9       0  2223  2174    11     0     0     0     0     0     0 RE/START START STATE MACHINE
18: 9      43  2223  2184    11     0     0     0     0     0     0 OLD STATE:FAILURE --> NEW STATE:START
18: 9      43  2223  2184    11     0     0     0     0     0     0 EVENT TRIGGER:OFF_TRAIL
18: 9      43  2223  2184    11     0     0     0     0     0     0 MAYBE UNHANDLED TRIGGER!
18: 9     275  2223  2174    11     0     0     0     0     0     0
18: 9     423  2223  2184    11     0     0     0     0     0     0
18: 9     990  2223  2174    11     0     0     0     0     0     0
18: 9    1117  2223  2184    11     0     0     0     0     0     0
18: 9    1223  2223  2184    12     0     0     0     0     0     0 EVENT TRIGGER:NOT_WALL_AHEAD
18: 9    1223  2223  2184    12     0     0     0     0     0     0 OLD STATE:START --> NEW STATE:SUCHEN
18: 9    1279  2223  2184    15     0     0     0     0   477   477
18: 9    1322  2223  2184    15     0     0     1     0   477   477
18: 9    1344  2223  2174    18     0     0     1     1   477   477
18: 9    1365  2223  2174    18     0     0     3     2   477   477
18: 9    1386  2223  2154    81     0     0     5     4   477   477
18: 9    1407  2223  2154    81     0     0     6     5   477   477
18: 9    1428  2223  2144    81     0     0     9     8   477   477
18: 9    1450  2223  2144    81     0     0    11    10   477   477
18: 9    1472  2223  2154    80     0     0    13    12   477   477
18: 9    1493  2223  2164    80     0     0    15    14   477   477
18: 9    1536  2223  2184    80     0     0    20    19   477   477
18: 9    1557  2223  2184    80     0     0    22    21   477   477
18: 9    1600  2223  2184    79     0     0    25    24   477   477
18: 9    1622  2223  2184    79     0     0    28    27   477   477
18: 9    1644  2223  2164    78     0     0    32    31   477   477
18: 9    1665  2223  2164    78     0     0    34    33   477   477
18: 9    1687  2223  2174    78     0     0    38    37   477   477
18: 9    1729  2223  2174    78     0     0    40    40   477   477
18: 9    1751  2223  2184    77     0     0    44    43   477   477
18: 9    1772  2223  2184    77     0     0    46    46   477   477
18: 9    1794  2223  2184    76     0     0    50    49   477   477
18: 9    1815  2223  2184    76     0     0    53    52   477   477
18: 9    1837  2223  2184    76     0     0    55    54   477   477
18: 9    1859  2223  2184    76     0     0    58    57   477   477
18: 9    1900  2223  2184    75     0     0    64    64   477   477
18: 9    1943  2223  2184    75     0     0    67    66   477   477
18: 9    1965  2223  2184    74     0     0    71    70   477   477
18: 9    1987  2223  2184    74     0     0    73    73   477   477
18: 9    2009  2223  2184    74     0     0    77    76   477   477
18: 9    2030  2223  2184    74     0     0    80    79   477   477
18: 9    2072  2223  2184    73     0     0    83    82   477   477
18: 9    2093  2223  2184    73     0     0    87    86   477   477
18: 9    2114  2223  2184    72     0     0    90    89   477   477
18: 9    2136  2223  2184    72     0     0    92    92   477   477
18: 9    2179  2223  2184    72     0     0    97    96   477   477
18: 9    2221  2223  2184    72     0     0   101   101   477   477
18: 9    2242  2223  2184    71     0     0   106   105   477   477
18: 9    2264  2223  2184    71     0     0   108   107   477   477
18: 9    2306  2223  2184    70     0     0   111   110   477   477
18: 9    2328  2223  2184    70     0     0   115   114   477   477
18: 9    2370  2223  2114    70     0     0   119   119   477   477
18: 9    2391  2223  2035    69     0     0   123   123   477   477
18: 9    2412  2223  1985    69     0     0   125   125   477   477
18: 9    2433  2223  1945    69     0     0   128   128   477   477
18: 9    2454  2223  1806    68     0     0   131   130   477   477
18: 9    2476  2223  1677    68     0     0   135   134   477   477
18: 9    2498  2223  1638    68     0     0   137   136   477   477
18: 9    2541  2223  1598    68     0     0   142   141   477   477 EVENT TRIGGER:ON_GREY
18: 9    2541  2223  1598    68     0     0   142   141   477   477 OLD STATE:SUCHEN --> NEW STATE:AUSRICHTEN
18: 9    2585  2223  1578    67     0     0   148   147    47    47 EVENT TRIGGER:ON_GREY
18: 9    2585  2223  1578    67     0     0   148   147    47    47 MAYBE UNHANDLED TRIGGER!
18: 9    2608  2223  1578    66     0     0   151   150    47    47
18: 9    2630  2223  1578    66     0     0     3     2    47    47
18: 9    2652  2223  1578    65     0     0     2     3    47    47
18: 9    2674  2223  1578    65     0     0     6     6    47    47
18: 9    2695  2223  1578    65     0     0     9     8    47    47
18: 9    2716  2223  1578    65     0     0    12    10    47    47
18: 9    2737  2223  1578    65     0     0    14    13    47    47
18: 9    2780  2223  1608    64     0     0    18    17    47    47 EVENT TRIGGER:OFF_TRAIL
18: 9    2780  2223  1608    64     0     0    18    17    47    47 MAYBE UNHANDLED TRIGGER!
18: 9    2803  2223  1737    64     0     0    21    19    47    47
18: 9    2824  2223  1836    63     0     0    24    24    47    47
18: 9    2846  2223  1955    63     0     0    28    27    47    47
18: 9    2889  2223  2074    63     0     0    32    32    47    47
18: 9    2932  2223  2154    62     0     0    40    39    47    47
18: 9    2954  2223  2164    62     0     0    42    42    47    47
18: 9    2976  2223  2174    61     0     0    44    44    47    47
18: 9    2998  2223  2174    61     0     0    46    45    47    47
18: 9    3020  2223  2184    61     0     0    46    46    47    47
18: 9    3062  2223  2184    61     0     0    47    46    47    47
18: 9    3084  2223  2184    61     0     0    47    47    47    47 EVENT TRIGGER:IS_STOPPED
18: 9    3084  2223  2184    61     0     0    47    47    47    47 OLD STATE:AUSRICHTEN --> NEW STATE:AUSRICHTEN_2
18: 9    3152  2223  2184    61     0     0     1     0   240   240
18: 9    3174  2223  2184    61     0     0     1     1   240   240
18: 9    3217  2223  2184    61     0     0     2     1   240   240
18: 9    3239  2223  2184    61     0     0     4     3   240   240
18: 9    3261  2223  2184    61     0     0     6     5   240   240
18: 9    3283  2223  2184    61     0     0     8     7   240   240
18: 9    3326  2223  2184    61     0     0    11    11   240   240
18: 9    3369  2223  2184    61     0     0    16    16   240   240
18: 9    3390  2223  2184    61     0     0    19    19   240   240
18: 9    3411  2223  2184    61     0     0    22    21   240   240
18: 9    3432  2223  2184    61     0     0    26    25   240   240
18: 9    3474  2223  2184    62     0     0    28    27   240   240
18: 9    3516  2223  2184    62     0     0    33    32   240   240
18: 9    3538  2223  2184    63     0     0    36    35   240   240
18: 9    3560  2223  2184    63     0     0    38    38   240   240
18: 9    3581  2223  2184    63     0     0    42    41   240   240
18: 9    3602  2223  2184    63     0     0    44    44   240   240
18: 9    3623  2223  2184    65     0     0    48    47   240   240
18: 9    3666  2223  2184    65     0     0    50    50   240   240
18: 9    3687  2223  2184    65     0     0    54    53   240   240
18: 9    3710  2223  2184  1023     0     0    56    56   240   240
18: 9    3732  2223  2184  1023     0     0    60    59   240   240
18: 9    3753  2223  2164  1023     0     0    63    62   240   240
18: 9    3775  2223  2104  1023     0     0    66    66   240   240
18: 9    3817  2223  1995  1023     0     0    72    72   240   240
18: 9    3902  2223  1896  1023     0     0    76    76   240   240
18: 9    3924  2223  1638  1023     0     0    84    83   240   240
18: 9    3987  2223  1598   172     0     0    88    87   240   240 EVENT TRIGGER:ON_GREY
18: 9    3987  2223  1598   172     0     0    88    87   240   240 OLD STATE:AUSRICHTEN_2 --> NEW STATE:AUSRICHTEN_3
18: 9    3987  2223  1598   172     0     0    88    87   240   240 OLD STATE:AUSRICHTEN_3 --> NEW STATE:ON_ENDE
18: 9    4054  2223  1578   170     0     0    98    97   477     0
18: 9    4076  2223  1578   169     0     0   101    99   477     0
18: 9    4119  2223  1578   169     0     0     1     0   477     0 EVENT TRIGGER:NOT_RUNDE_CNT
18: 9    4119  2223  1578   169     0     0     1     0   477     0 OLD STATE:ON_ENDE --> NEW STATE:LAMPE_GRAY
18: 9    4164  2223  1578   169     0     0     2     0    47     0
18: 9    4186  2223  1578   169     0     0     1     0    47     0 EVENT TRIGGER:IS_STOPPED
18: 9    4186  2223  1578   169     0     0     1     0    47     0 OLD STATE:LAMPE_GRAY --> NEW STATE:READY_2
18: 9    4186  2223  1578   169     0     0     1     0    47     0 OLD STATE:READY_2 --> NEW STATE:FINAL
18: 9    4211  2223  1578   169     0     0     2     0    47     0
18: 9    4253  2223  1459   169     0     0     4     0    47     0 EVENT TRIGGER:ON_GREY
18: 9    4253  2223  1459   169     0     0     4     0    47     0 MAYBE UNHANDLED TRIGGER!
18: 9    4276  2223  1350   169     0     0     4     0    47     0 EVENT TRIGGER:ON_GREY
18: 9    4276  2223  1350   169     0     0     4     0    47     0 MAYBE UNHANDLED TRIGGER!
18: 9    4299  2223  1290   169     0     0     4     0    47     0 EVENT TRIGGER:ON_TRAIL
18: 9    4299  2223  1290   169     0     0     4     0    47     0 MAYBE UNHANDLED TRIGGER!
18: 9    4322  2223  1260   169     0     0     4     0    47     0
18: 9    4344  2223  1240   169     0     0     4     0    47     0
18: 9    4366  2223  1230   169     0     0     4     0    47     0
18: 9    4450  2203  1230   169     0     0     4     0    47     0
18: 9    4807  2193  1221   169     0     0     4     0    47     0
18: 9    4871  2193  1201   169     0     0     4     0    47     0
18: 9    5165  2184  1201   169     0     0     4     0    47     0
18: 9    5355  2174  1201   169     0     0     4     0    47     0
18: 9    5440  2184  1201   169     0     0     4     0    47     0
18: 9    6779  2184  1191   169     0     0     4     0    47     0
18: 9   11850  2174  1191   169     0     0     4     0    47     0
18: 9   11935  2184  1191   169     0     0     4     0    47     0
18: 9   13676  2164  1191   169     0     0     4     0    47     0
18: 9   13740  2174  1191   169     0     0     4     0    47     0
18: 9   13783  2184  1191   169     0     0     4     0    47     0
18: 9   18751  2174  1191   169     0     0     4     0    47     0
18: 9   18877  2184  1191   169     0     0     4     0    47     0
18: 9   20178  2174  1191   169     0     0     4     0    47     0
18: 9   20347  2184  1191   169     0     0     4     0    47     0
18: 9   34730  2174  1191   169     0     0     4     0    47     0
18: 9   34815  2184  1191   169     0     0     4     0    47     0
18: 9   35948  2174  1191   169     0     0     4     0    47     0
18: 9   35991  2184  1191   169     0     0     4     0    47     0
18: 9   40957  2174  1191   169     0     0     4     0    47     0
18: 9   41063  2184  1191   169     0     0     4     0    47     0
18: 9   45944  2174  1191   169     0     0     4     0    47     0
18: 9   46050  2184  1191   169     0     0     4     0    47     0
18: 9   47831  2174  1191   169     0     0     4     0    47     0
18: 9   47936  2184  1191   169     0     0     4     0    47     0
18:10   58895  2174  1191   169     0     0     4     0    47     0
18:10   58979  2184  1191   169     0     0     4     0    47     0
